n, Run Time(ms)
1000,43
1100,62
1200,76
1300,79
1400,94
1500,106
1600,124
1700,120
1800,142
1900,150
2000,153
2100,164
2200,182
2300,186
2400,198
2500,211
2600,205
2700,222
2800,246
2900,264
3000,315
3100,257
3200,397
3300,306
3400,345
3500,348
3600,390
3700,418
3800,375
3900,393
4000,452
4100,416
4200,432
4300,444
4400,456
4500,471
4600,485
4700,471
4800,506
4900,528
5000,526
5100,543
5200,548
5300,580
5400,573
5500,633
5600,587
5700,626
5800,684
5900,647
6000,635
6100,703
6200,721
6300,808
6400,704
6500,712
6600,746
6700,739
6800,847
6900,790
7000,811
7100,824
7200,852
7300,849
7400,862
7500,885
7600,949
7700,926
7800,963
7900,964
8000,970
8100,1003
8200,1074
8300,1136
8400,1076
8500,1051
8600,1189
8700,1243
8800,1121
8900,1105
9000,1137
9100,1313
9200,1775
9300,1265
9400,1198
9500,1373
9600,1294
9700,1372
9800,1721
9900,1278
10000,1437
10100,1512
10200,1437
10300,2127
10400,1496
10500,1497
10600,1401
10700,1455
10800,1467
10900,1455
11000,1495
11100,1896
11200,1767
11300,1826
11400,1733
11500,1675
11600,1705
11700,1603
11800,1713
